TileLibraryBegin
,,,,,,,,,
Tile,LUT4x8_ha/LUT4x8_ha.csv,,,
Tile,N_IO/N_IO.csv,,,
Tile,N_term/N_term.csv,,,
Tile,E_IO/E_IO.csv,,,
Tile,E_IO4/E_IO4.csv,,,
Tile,E_term/E_term.csv,,,
Tile,S_IO/S_IO.csv,,,
Tile,S_IO4/S_IO4.csv,,,
Tile,S_term/S_term.csv,,,
Tile,W_IO/W_IO.csv,,,
Tile,W_IO2/W_IO2.csv,,,
Tile,W_IO4/W_IO4.csv,,,
Tile,NE_term/NE_term.csv,,,
Tile,NW_term/NW_term.csv,,,
Tile,SE_term/SE_term.csv,,,
Tile,SW_term/SW_term.csv,,,
,,,,,,,,,
TileLibraryEnd
